0,stephanie;21,34,71,64,1,75,69,55,24,20,6,38,29,61,84,84,81,88,97,89
1,kevin;90,40,36,87,72,54,15,8,19,73,81,58,37,99,96,24,38,13,100,99,78,1,57,15,79,16,58,87,100,33,39,61,83,26,76,63
2,henry;96,35,19,50,25,8,52,35,86,39,7,79,75,93,47,52,54,43,90,74,100,81,73,53,34,22,81,95,55,87,69,97,83,72,4,96,70,58,83,30,57,49,57,99,46,99,20,41,17,90,45,67,82,99,83,75,27,83,44,21,39,30,91
3,eduardo;18,14,1,8,32,18,19,43,4,90,83,16,24,100,70,10,75,45,29,11,70,87,35,7,3,79,22,87,36,16,8,13,76,76,61,5,4,34,90,69,100,85,2,0,23,36,11,80,0,23,68,71,43,78,86,87,22,57,40,94,66,90,79,54,22,49,46,69,21,9,76,54,29,85,63,86,22,84,32,26,23,70,4,46,44,16,72,20,50,0,96
4,manuel;82,27,10,82,21,32,95,45,88,17,38,27,48,26,13,22,96,29,17,48,14,80,18,16,4,57,90,6,67,60,21,35,71,67,73,5,23,28,16,66,26,72,12,81,16,5,21,35,20,91,53,84,52,16,35,52,100,74,0,18,27,46,99,63,37,85
5,daniel;93,96,94,29,21,26,80,83,19,55,42,50,57,44,64,80,6,100,16,93,73,25,95,99,31,20,4,17,89,59,39,31,35,27,56,23,50,42,67,63,19,99,64,9,45,85,2,71,5,73,19,20,7,24,55,31,1,99,42,26,18,39,43,21,15,6,35
6,ricardo;63,31,84,68,58,42,72,45,63,15,31,42,33,75,97,20,22,91,35,24,16,28,41,65,37,10,81,56,13,10,52,1,52,67,29,64,98,35,68,25,10,100,90,16,52,54,88,7,0,42,2,93,77,72,24,75,7,25,36,24,69,51,91,16,28,68,51,96,17,61,39,15,19,52,39,76,59,39,41,7,25,31,96,78,90,13,47,89,51,7,34,53,88,71,24,84,33
7,maria;50,57,86,52,53,23,99,79,87,96,65,22,41,33,94,72,49,99,23,23,28,1,77,13,51,89,32,71,97,84,5,14,12,10,58,6,8,34,12,26,1,2,7,65,66,73,60,81,22,18,86,67,83,10,33,34,91,7,0,83,96,55,48,64
8,kerlyn;98,48,11,91,11,56,55,94,68,72,6,63,76,4,41,100,32,75,74,16,31,77,47,51,49,23,23,38,79,77,98,59,93,44,82,79,17,5,66,1,15,47,67,57,16,73,84,38,55,84,92,79,20,30,6,38,25,65,65,11,10,73,53,0,80,62,61,65,41,49,95,80,19,4,33,34,72,0,75,27,0,72,82,80,15,67,82,89,98,6,22,100,81,53,62
9,pamela;40,73,95,40,42,62,97,19,64,37,63,91,78,59,28,17,73,7,44,56,42,61,21,63,93,53,40,1,65,91,67,70,33,71,45,59,12,90,64,1,65,85,45,2,66,52
10,karla;56,69,68,2,76,88,100,71,82,0,40,29,7,26,37,34,22,53,82,6,47,60,8,45,61,77,15,57,40,78,67,93,39,100,46,66,8
11,carlos;23,54,8,41,25,89,29,31,3,79,6,96,53,21,56,33,26,68,42,33,6,34,32,30,85,27,68,75
12,ariel;65,17,22,14,22,90,88,26,74,99,0,37,47,57
13,juan;36,88,21,65,8,17,61,59,10,12,67,35,49,43,7,12,12,90,32,19,33,3,29,2,42,64,44,20,34,73,32,4,93,59,98,50,88,94,35,98,45,83,27,21,99,15,31,71,55,66,40,7,15,9,8,6,86,76,26,46,64,39,60,50,22,79,17,63,56,23,94,53,6,11,9,16,96,54,77,54
14,karem;29,80,10,91,15,54,74,86
15,lisa;52
16,jackeline;7,18,41,82,15,14,56,31,85
17,mayra;38,27,97,49,32,56,86,6,16,20,59,43,52,19,77,29,2,25,86,34,20,16,95,71,31,89,56
18,marcela;35,28,84,62,94,99,41,100,34,19,95,24,82,92,8
19,tania;14,71,4,2,79
20,rodrigo;15
21,luis;15,48
22,angela;11,28,29,76,99,57,54,78,51,72,69,41,96,38,94,57,56,57,61,90,3,85,81,61,75,26,77,44,52,13,40,36,32,43,76,89,43,88,38,37,57,76,73,8,21,61,67,70,64,62,100,75,29,75,29,12,83,92,25,66,40,40,90,73,88,32,69,65,62,54,26,81,57,86,73,8,86,78,30,0,79,5,92,20,70,89,37,61,10,68,73,9
23,andrea;78,7,74,6,41,54,5,89,69,47,86,73,80,3,24,78,28,20,7,18,87,24,36,63
24,viktor;64,19,47,41,52,74,71,59,59,88,46,87,93,23,82,80,94,7,14,37,35,93,93,46,11,59,89,50,73,2,71,96,0,20,51,63,16,57,41,5,0,9,27,23,33,19,34,69,60,6,55,29,42,31,15,77,82,16,89,80,75,16,37,12,55,37,80
25,josue;89,9,12,20,54,18,58,33,15,1,99,17,87,22,12,73,78,29,84,86,98,39,13,32,68,68,12,66,51,11,23,60,45,30,7,70,77,71,95,74,41,9,89,1,29,31,43,77,41,20,67,89,73,23,63,29,21,60,24,80,24,51,29,91,57,47,75,19,58,56,2,3,28,60,75,97,54,58,16,77,28,39,72,28,99,3
26,marco;95,96,63,100,21,95,85,70,78,7,95,1,59,23,90,24,82,28,25,42,31,31,3,50,35,15,29,6,20,32,77,10,7,61,45,79,9,42,12,69,29,22,2,84,33,95,8,10,76,57,61,39,88,9,41,62,16,64,47,90,68,27,96,52,33,77,13,48,34,79,100,25,13,20,4,96,24,10,30,80,25,59,47
27,hugo;75,45,4,70,91,84,89,92,10,77,69,23,15,21,7,51,64,0,73,88,77,38,31,61,34,8,2,61,37,97,57,26,19,23
28,jorge;
29,gustavo;54,10,13,50,84,55,7,96,46,88,7,11,99,49,61,78,60,10,84,2,93,91,39,43,56,68,32,44,21,43,57,68,7,42,21,82
30,edna;35,34,66
31,fernando;20,72,15,26,90,21,81,33,39,37,53,65,41,97,74,33,39,15,65,7,22,53,96,4,7,19,29,38,84,13
32,hector;91,94,18,3,69,44
33,gabriel;14,88,28,26,99,85,93
34,antonio;95,76,94,59,85,0,9,45,60,95,94,28,89,41,60,69,94,41,98,27,41,58,40,15,14,43,3,72,18,71,50,71,92,95,12,57,72,61,69,86,72,20,82,67,47,61,49,80,48,20,1,32,53,46,52,33,15,74,77,29,87,60,40,24,99,21,53,20,14,59,47,37,57,19,75,69,54
35,gabriela;25,15,47,33,72,79,89,31,23,6,51,97,96,63,58,100,17,32,95,69,11,93,15,32,29,53,58,67,47,58,10
36,marcela;30,20,47,13,40,100
37,rosinda;59,33,8,10,41,52,7,88,23,65,40,12,86,75,25,75,22,2,1,24,23,0,5,45,61,65,99,11,2,63,42,85,66,40,77,88,6,5,46,97,16,87,53,83,4,10,81,13,62,28,86,46,95,13,95,100,83,37,32,49,16,18,73,23,70,36,11,27,28,86,84,18,85,97,87,86,81,56,59,92,97,5,54,86,73,6
38,yesica;9,81,89,49,12,62,85,29,90,90,74,60,42,71,95,29,41,43,20,52,9,56,61,62,5,38,22,45,46,22,34,14,85,1,11,24,4,66,12,37,48,64,16,89,65,16,53,31,4,33,28,53,44,54,58,94,95,56,93,59,90,90,28,63,15,3,15,94,81,91,30,0
39,carolina;97,5,37,100,24,58,79,92,12,43,81,5,53,80,90,99,95,67,19,19,85,15,23,58,47,93,33,87,29,70,44,87,60,57,41,11,23,12,14,39,11,0,84,10,66,26,46,15,25,26,55,54,68,1,41
40,cindy;23,1,34,24,13,51,76,12,2
41,juan;45,5,2,74,91,100,14,66,61,75,22,68,5,63,65,24,64,66,2,22,13,49,15,95,47,28,71,80,88,17,22,18,39,75,86,89,30,26,45,77,36,36,25,27,39,14,37,68,19,39,91,42,49,94,66,65,78,96,34,88,7,5,5,22,27,14,65,28,2,69,26,6,69,84,33,46,42,48,26,26,24,6,93,44,32,60,47,27,49,75,5,92,22
42,david;27,38,68,100,84,59,79,54,42,30,29,100,16,48,42,67,13,13,92,91,41,94,9,81,90,58,92,33,44,48,92
43,javier;89,20,0,100,64,9,26,68,73,33,29,59,76,34,93,65,86,50,12,93,87,46,88,43,40,2,5,49,43,82,37,36,7,24,97,29,94,2,58,57,69,51,36,68,3,66,68,31,84,80,94,18,11,8,23,94,39,96,37,55,27,96,15,71,85,0,62,58,97,30,81,84,77,10,88,53,75,13,63,19,11,54,42,86,67
44,nicole;38,18,52,68,70,26,85,100,41,54,81,90,86,78,62,63,90,50,95,74,95,87,12,19,32,52,17,46,19,20,43,16,90,68,33,27,33,78,55,1,25,94,99,97,21,71,37,92
45,brad;22,71,81,14,13,82,68,90,3,1,24,55,4,97,27,18,26,87,80,21
46,michael;100,56,70,51,1,26,96,93,92,98,8,21,33,18,72,32,5,7,26,18,35,48,80,15,10,74,11,60,30,73,95,58,9,16,69,64,65,21,74,21,61,74,58,18,18,93
47,george;14,10,25,57,38,46,49,69,12,79,56,36,82,87,64,17,65,26,70,46,93,97,63,52,76,98,26,28,32,54,38,70,64,8,54,13,22,13,62,53,2
48,susan;20,86,96,87,41,61,52,97,20,16,85,32,59,89,88,22,97,6,13,33,10,65,16,18,16,35
49,nestor;52,36,2,71,45,98,92,25,22,55,16,58,89,91,9,7,68,74,75,67,74,18,43,51,38,31,83,98,82,46,34,50,40,50,34,3,98,2,91,65,66,82,17,89,84,33
50,pedro;51,56,48,21,33,42,48,31,3,3
51,soany;41,71,89,27,8,63,52,67,0,19,60,27,34,50,82,71,36,85,93,68,81,93,12
52,yoshira;85,9,19,16,38,81,87,8,64,64,86,68,63,58,45,8,93,35,39,40,51,25,97,55,45,86,27,48,79,11,97,31,88,16,56,42,77,20
53,alejandro;65,51,75,73,84,34,87,97,47,41,24,28,10,45,76,37,1,87,72,82,58,82,83,77,54,47,36,48,61,88,77,5,56,94,42,39,64,16,20,0,59,29,55,97,55,91,42,65,40,52,54,40,38,67,89,16,99,71,22,51,74,83
54,tom;82,47,62,95,92,45,20,10,47,59,61,49,84,12,73,21,44,21,76,44,10,69,34,25,73,62,35,78,29,26,10,38,51,90,65,1,76,66,17,84,29,73,31,50,77,13,58,79,86,78,65,11,49,24,85,34,7,73,48,81,52,73,9,99,33,49,28,99,60,73,52,4,58,90,93,26,59,87,14,34,66,65,41,92,17,72,98,19,22,23,94
55,suri;73,34,28,8
56,danubia;33,61,86,17,94,97,17,45,26,51,42,93,1,11,14,45
57,maria fernanda;83,10,41,40,49,24,96,50,19,76,90,72,14,61,86,40,65,9,70,56,39,90,19,11,82,19,32,84,54,54,81,54,55,40,22,94,0,65,32,20,49,12,51,7,62,85,67,8,98,57,15,29,18,52,2,56,36
58,carlos;18,62,90,40,87,63,79,33,22,80,33,14,84,87,23,6,68,42,91,43,18,14,63,93,100,43,24,99,43,53,83,53,68,4,97,2,1,76,58,92,97,65,36,16,82,20,47,26,80,63,72,11,63,14,91,84,25,34,67,19,79,81,65,55,15,53,94,64,78,26,17,90,68,91,48,22,31,89,16,61,84,81,77,29,62,88,6,67,1,22,95
59,marcelo;2,11,23,10,69,14,2,28,54,59,86,45,11,91,57,19,8,30,0,25,100,26,67,11,31,72,54,59,81,45,43,17,87,70,9,81,43,61,83,82,79,100,3,24,33,88,56,3,64,40,11,82,21,86,8,90,23,86,52,56,68,38,86,18,24,35,63,37,94,63,69
60,elmer;25,20,5,16,27,47,4,28,11,86,1,90,62,58,80,91,74,72,59,63,47,84,7,22,19,31,38,51,14,10,25,5,56,7,79,76,35,18,20,75,87,24,22,10,25,72,38,37,92,80,48,91,96,54,44,76
61,lorena;99,51,67,33,46,47,76,26,42,95,27,20,98,65,90,73,2,26,30,81,74,46,39,49,43,52,75,58,47,48,15,84,93,96,14,2,80,64,0,87,12,8,12,9,87,46,28,44,56,69,70,17,34,44,1,100,68,58,49,96,60,99
62,fabricio;49,53,59,87,38,6,66,35,36,88,89,75,48,40,3,66,97,90,95,24,64,1,82,95,9,84,22,90,67,24,46,49,67,32,36,45,12,19,79,92,55,75,55,94,61,7,93,98,87,14,78,46,27,1,95,69,37,95,59,90,24,23,21
63,eduardo;37,44,42,15,17,41,30,16,7,98,41,74,8,16,40,51,44,4,58,50,46,96,76,12,31,69,58,80,44,47,32,66,79,82,79,9,37,76,38,35,79,78,44,40,52
64,leonel;89,57,36,80,53,25,49,31,28,7,60,71,1,68
65,roger;1,65,8,59,47,38,9,95,69,66,98,91,64,23,28,21,43,94,11,32,82,25,69,88,93,3,57,24,69,66,66,53,37,94,7,86,5,43,64,95,30,85,67,32,95,77,3,33,38,8,17,77,19,15,32,78,55,7,74,73,39,95,77,60,93,20,84,97,41,20,20,77,88,59
66,henry;100,35,75,32,81,86,21,11,81,57,72,22,8,24,34,11,5,13,61,51,67,90,6,72,78,21,4,73,19,0,9,56,50,45,59,10,14,31,68,78,38,52,34,6,35,40,21,16,39,4,0,23,70,26,87,38,98,66,47,70,17,85,81,12
67,calixto;41,98,53,32,59,56,10,51,13,67,66,59,3,46,58,81,72,79,29,97,85,65,53,17,50,52,97,0
68,lilian;93,48,96,22,29,37,22,89,62,27,26,88,71,64,52,64,96,66,69,23,62,38,87,52,81
69,lourdes;65,0,50,71,58,66,15,56,84,91,8,15,66,2,15,97,76,84,80,35,15,21,2,96,41,96,36,38,44,54,74,8,46,56,64,8,66,72,60,24,43,54,34,16,84
70,roberto;47,47,12,42,68,64,97,34,74,70,17,35,34,2,49,28,67,38,1,31,69,83,48,29,67,67,36,68,3,27,86,0,78,3,57,5,67,54,14,50,69,81
71,guillermo;62,66,24,7,70,35,84,14,20,83,26,56,73,63,93,8,16,83,81,75,45,87,31,69,31,84,32,72,20,37,60,19,20,79,89,79,60,52
72,carlos;14,87,91,31,60,17,28,42,59,53,68,85,100,91,36,3,64,15,85,70,79,58,4,98,42,43,84,97,40,71,4,96,3,56,42,57,61,32,82,17,47,29,70,15,59,83,19,41,99,13,90,80,60,71,46,94,86,14,20,93,21,57,93,4,85,44,34,32,39,54,50,15,12,7,5,57,59,7,24,38,67,32,73,6,82,94,14
73,valeria;56,86,57,81,42,88,48,83,24,13,18,37,96,1,19,33,17
74,valentina;13,94,96,28,0,52,67,62,97,0,76,81,62,23,14,78,75,98,50,61,52,16,34,82,91,66,31,61,48,68,94,42,67,27,78,66,30,49,17,14,9,51
75,cecilia;22,37,38,29,59,26,7,49,80,16,21,31,27,57,2,100,44,59,38,34,58,41,76,65,73,77,59,91,46,17,8,24,63,69,46,49,59,52,91,76,22,82,42,26,35,74,71,60,7,93,86,71,15,58,87,62,59,33,68,41,9,15,34,81,33,62,81,50,90,5,67,11,80,67,70,7,89,92,92,71,37,96,0,10,70,66,29,2,43,21,44
76,andres;29,98,65,72,50,32,82,80,72,21,5,68,38,24,53,19,17,17,84,22,96,21,15,46,29,64,51,59,21,72,52,49,46,8,37,12,8,22,86,76,89,36,83,45,99,78,55,38,95,89,97,15,66,59,68,21,80,67,84,46,47,67,100,61,61,32,40,39,69,79,47,80,59,84,14,19,88,96,58,89,70
77,roxan;26,45,61,88,93,3,40,34,39,90,7,97,66,37,87,24,44,20,36,49,14,4,59,14,55,6,80,37,7,4,10,9,56,10,82,34,94,26,13,45,96,86,27,70,19,67,59,10,8,40,12,29,65,73,93,25,40,8,73,53,8,89,52,83,23,54,85,29,43,67,35,93,17,79,39,85,25,1,19,79,19,77,92,2,54,6
78,anais;99,67,96,1,33,83,91,19,22,15,0,17,92,27,35,46,17,34
79,federer;36,51,21,98,22,5,66,63,79,11,40,85,50,64,14,37,84,88,92,42,64,50,34,63,3,35,29,58,64,40,60,66,21,36,34,55,47,4,20,37,95,63,5,90,91,49,2,34,30,57,37,100,47
80,harry;24,87,89,92,97,64,84,97,52,51,88,91,41,32,74,86,96,5,36,37,80,17,97,1,86,33,73,81,98,13,11,98,36,25,42,42,85,33,76,5,10,50,14,83,11,73,19,97,47,66,95,93,27,53,88
81,emma;81,34,21,64,94,83,7,91,58,92,85,34,51,41,41,6,14,44,62,65,70,94,13,42,28,79,36,75,95,79,13,30,86,82
82,ronald;60,50,39,56,46,80,2,84,46,50,35,45,87,28,21,98,85,79,27,89,6,98,51,13,81,89,76,50,44,89,13,82
83,hermione;92,0,4,63,45,81,30,22,33,12,33,23,51,27,58,79,21,60,39,30,79,29,36,70,7,53,3,74
84,malfoy;57,82,87,0,36,21,54,6,30,87,79,40,96,7,62,61,58,84,26
85,cedric;8,14,32,73,85,4,57,78,11,72,66,24,19,51,47,99,16,97,96,28,24,72,41,39,58,38,98,97,67,23,23,11,34,21,71,73,72,18,56,46,52,19,51,12,44,14,82,29,22,51,68,83
86,trump;32,32,58,70,53,53,10,15,46,26,61,43,56,70,23,37,1,100,16,66,18,13,4,8,89,58,93,40,74,23,11,23,93,30,0,71,58,25,94,27,2,6,83,4,51,7,35,52,70,57,10,12,9,81
87,lucas;77,2,20,60,39,23,54,81,69,5,82,5,18,91,82,30,83,56,98,0,1,61,37,72,43,3,47,24,65,48,20,2,40,87,84,84,84,3,93,100,51,73,4,86,46,88,79,76,6,54,39,30,48,71
88,luigi;47,43,68,46,14,17,8,34,18,60,2,24,68,91,93,28,2,19,92
89,mario;30,57,64,29,78,3,24,57,28,4,87,60,56,8,94,93,11,13,45,34,70,97,52,17,98,62
90,kloe;43,15,49,44,86,85,67,0,18,42,36,38,98,8,93,54,46,74,46,54,40,33,58,60,56,6,40,29,47,73,35,56,72,35,14,33
91,kourtney;89,55,37,4,10,79,75,50,85,41,100,23,99,14,73,91,40,53,90,17,85,1,25,40,18,50,14,43,17,52,26,59,34,34,8,2
92,kylie;88,66,59,44,19,88,2,62,26,37,74,79,15,34,44,57,25,14,99,24,7,88,89,63,72,75,30,99,66,57,52,55,88,24,26,76,33,23,27,39,99,56,79,18,53,57,27,58,77,76,48,56,40,53,10,12
93,kendall;31,90,19,13,26,57,7,80,98,31,11,6,39,9,62,38,1,56
94,britney;57,16,9,67,21,86,93,28,97,14,73,100,100,86,60,12,61,6,13,83,5,26,76,49,83,72,36,42,1,58,69,63,39,78,22,42,12,43,8,80,19,3
95,cristina;40,48,70,31,0,10,33,62,5,3,7,20,68,71,21,89,14,85,37,15,38,21,61,73,73,72,46,23,7,25,53,61,62,88,66,90,36,80,37,11,89,73,59,93,64,16,4,81,98,28,42,50,95,68,49,21,28,91,69,66,21,53,35,59,70,24,6,28,19,21,48
96,mark;92,25,76,74,31,8,81,98,69,20,79,27,100,87,10,42,16,29,13,52,60,45,35,99,57,62,40,56,26,72,8,20,98,14,24,6,37,46,10,84,59,82,53,26,1,37,96,26,4,7,68,37,78,48,50,52,1,2,22,74,27,65,95,66,1,29,95,56
97,thomas;8,75,43,85,66,65,16,81,81,86,94,1,62,18,26,18,92,33,89,43,72,87,19,41,19,73,40,94,14,33,15,84,97,69,88,91,95,73,66,29,96,61,83,95,63,84,57,25,35,48,12,11,14,18,28,38,85,27,91,77,98,2,28,49,71,56,69,60,81,97,86,90,18,13,63,23,76,2,73,56,73,62,10,50,21,63,13,21,91,34,90,52,63,39,53,1,90,3,49,53
98,kris;2,51,13,82,23,89,49,65,77,81,13,84,51,67,56,71,32,89,10,1,53,54,94,17,87,43,80,54,35,48,91,14,43,9,32,55,76,53,72,37,98,73,11,95,49,59,22,62,69,6,59,47,24,35,68,46,28,85,74,83,18,68,47,25,70,86,80,97,40,85,36,50,93,21
99,christian;7,78,29,64,26,80,25,84,47,87,36,47,43,44,15,41,42,80,79,78,46,34,96,68,75,17,90,90,9,43,89,42,23,71,43,91,36,83,20,63,69,37,96,88,66,48,67,8,19,70,55,67,56,24,12,100,88,84,97,99,0,86,52,74,67,39,91,87
100,adam;1,81,47,92,48,62,41,14,67,6,23,85,28,81,69,74,66,23,78,100,49,32,97,6,57,24,81,94,56,9,80,39,18,32,27,29,68,12,40,19,100,30,17,1,43,96,59,44,61,7,83,55,36,81,91,56,54,32,63,86,53,74,41,32,68,95,0,37,77,26,8,28,81,34,27,87,99,15,38,25,50,96,39,81,51,99,92,51,64,8,95,21,37,44,80,100,55
